    Theta .   x .   y
    0.000     5.000     0.000
    0.060     4.991     0.121
    0.121     4.964     0.241
    0.181     4.918     0.361
    0.242     4.855     0.479
    0.302     4.774     0.595
    0.362     4.675     0.709
    0.423     4.559     0.821
    0.483     4.427     0.929
    0.544     4.279     1.035
    0.604     4.115     1.136
    0.665     3.936     1.233
    0.725     3.743     1.326
    0.785     3.536     1.414
    0.846     3.316     1.497
    0.906     3.084     1.574
    0.967     2.840     1.646
    1.027     2.587     1.712
    1.087     2.324     1.771
    1.148     2.052     1.824
    1.208     1.773     1.870
    1.269     1.488     1.909
    1.329     1.197     1.942
    1.390     0.901     1.967
    1.450     0.603     1.985
    1.510     0.302     1.996
    1.571     0.000     2.000
    1.631    -0.302     1.996
    1.692    -0.603     1.985
    1.752    -0.901     1.967
    1.812    -1.197     1.942
    1.873    -1.488     1.909
    1.933    -1.773     1.870
    1.994    -2.052     1.824
    2.054    -2.324     1.771
    2.115    -2.587     1.712
    2.175    -2.840     1.646
    2.235    -3.084     1.574
    2.296    -3.316     1.497
    2.356    -3.536     1.414
    2.417    -3.743     1.326
    2.477    -3.936     1.233
    2.537    -4.115     1.136
    2.598    -4.279     1.035
    2.658    -4.427     0.929
    2.719    -4.559     0.821
    2.779    -4.675     0.709
    2.840    -4.774     0.595
    2.900    -4.855     0.479
    2.960    -4.918     0.361
    3.021    -4.964     0.241
    3.081    -4.991     0.121
    3.142    -5.000     0.000
    3.202    -4.991    -0.121
    3.262    -4.964    -0.241
    3.323    -4.918    -0.361
    3.383    -4.855    -0.479
    3.444    -4.774    -0.595
    3.504    -4.675    -0.709
    3.564    -4.559    -0.821
    3.625    -4.427    -0.929
    3.685    -4.279    -1.035
    3.746    -4.115    -1.136
    3.806    -3.936    -1.233
    3.867    -3.743    -1.326
    3.927    -3.536    -1.414
    3.987    -3.316    -1.497
    4.048    -3.084    -1.574
    4.108    -2.840    -1.646
    4.169    -2.587    -1.712
    4.229    -2.324    -1.771
    4.289    -2.052    -1.824
    4.350    -1.773    -1.870
    4.410    -1.488    -1.909
    4.471    -1.197    -1.942
    4.531    -0.901    -1.967
    4.592    -0.603    -1.985
    4.652    -0.302    -1.996
    4.712    -0.000    -2.000
    4.773     0.302    -1.996
    4.833     0.603    -1.985
    4.894     0.901    -1.967
    4.954     1.197    -1.942
    5.014     1.488    -1.909
    5.075     1.773    -1.870
    5.135     2.052    -1.824
    5.196     2.324    -1.771
    5.256     2.587    -1.712
    5.317     2.840    -1.646
    5.377     3.084    -1.574
    5.437     3.316    -1.497
    5.498     3.536    -1.414
    5.558     3.743    -1.326
    5.619     3.936    -1.233
    5.679     4.115    -1.136
    5.739     4.279    -1.035
    5.800     4.427    -0.929
    5.860     4.559    -0.821
    5.921     4.675    -0.709
    5.981     4.774    -0.595
    6.042     4.855    -0.479
    6.102     4.918    -0.361
    6.162     4.964    -0.241
    6.223     4.991    -0.121
    6.283     5.000    -0.000
