 Theta (rad)     x          y
     0.000     0.049     0.098
     0.147     0.196     0.245
     0.295     0.344     0.393
     0.442     0.491     0.540
     0.589     0.638     0.687
     0.736     0.785     0.834
     0.884     0.933     0.982
     1.031     1.080     1.129
     1.178     1.227     1.276
     1.325     1.374     1.424
     1.473     1.522     1.571
     1.620     1.669     1.718
     1.767     1.816     1.865
     1.914     1.963     2.013
     2.062     2.111     2.160
     2.209     2.258     2.307
     2.356     2.405     2.454
     2.503     2.553     2.602
     2.651     2.700     2.749
     2.798     2.847     2.896
     2.945     2.994     3.043
     3.093     3.142     3.191
     3.240     3.289     3.338
     3.387     3.436     3.485
     3.534     3.583     3.632
     3.682     3.731     3.780
     3.829     3.878     3.927
     3.976     4.025     4.074
     4.123     4.172     4.222
     4.271     4.320     4.369
     4.418     4.467     4.516
     4.565     4.614     4.663
     4.712     4.761     4.811
     4.860     4.909     4.958
     5.007     5.056     5.105
     5.154     5.203     5.252
     5.301     5.351     5.400
     5.449     5.498     5.547
     5.596     5.645     5.694
     5.743     5.792     5.841
     5.890     5.940     5.989
     6.038     6.087     6.136
     6.185     6.234     6.283
    16.971    16.909    16.728
    16.433    16.034    15.544
    14.978    14.350    13.676
    12.970    12.246    11.513
    10.782    10.061     9.354
     8.666     8.000     7.357
     6.739     6.145     5.574
     5.027     4.500     3.993
     3.504     3.031     2.571
     2.124     1.688     1.259
     0.836     0.417     0.000
    -0.417    -0.836    -1.259
    -1.688    -2.124    -2.571
    -3.031    -3.504    -3.993
    -4.500    -5.027    -5.574
    -6.145    -6.739    -7.357
    -8.000    -8.666    -9.354
   -10.061   -10.782   -11.513
   -12.246   -12.970   -13.676
   -14.350   -14.978   -15.544
   -16.034   -16.433   -16.728
   -16.909   -16.971   -16.909
   -16.728   -16.433   -16.034
   -15.544   -14.978   -14.350
   -13.676   -12.970   -12.246
   -11.513   -10.782   -10.061
    -9.354    -8.666    -8.000
    -7.357    -6.739    -6.145
    -5.574    -5.027    -4.500
    -3.993    -3.504    -3.031
    -2.571    -2.124    -1.688
    -1.259    -0.836    -0.417
    -0.000     0.417     0.836
     1.259     1.688     2.124
     2.571     3.031     3.504
     3.993     4.500     5.027
     5.574     6.145     6.739
     7.357     8.000     8.666
     9.354    10.061    10.782
    11.513    12.246    12.970
    13.676    14.350    14.978
    15.544    16.034    16.433
    16.728    16.909    16.971
     0.000     0.830     1.640
     2.411     3.128     3.777
     4.348     4.834     5.234
     5.545     5.773     5.919
     5.990     5.993     5.934
     5.820     5.657     5.452
     5.209     4.936     4.635
     4.311     3.969     3.610
     3.237     2.853     2.461
     2.061     1.655     1.245
     0.832     0.416     0.000
    -0.416    -0.832    -1.245
    -1.655    -2.061    -2.461
    -2.853    -3.237    -3.610
    -3.969    -4.311    -4.635
    -4.936    -5.209    -5.452
    -5.657    -5.820    -5.934
    -5.993    -5.990    -5.919
    -5.773    -5.545    -5.234
    -4.834    -4.348    -3.777
    -3.128    -2.411    -1.640
    -0.830    -0.000     0.830
     1.640     2.411     3.128
     3.777     4.348     4.834
     5.234     5.545     5.773
     5.919     5.990     5.993
     5.934     5.820     5.657
     5.452     5.209     4.936
     4.635     4.311     3.969
     3.610     3.237     2.853
     2.461     2.061     1.655
     1.245     0.832     0.416
     0.000    -0.416    -0.832
    -1.245    -1.655    -2.061
    -2.461    -2.853    -3.237
    -3.610    -3.969    -4.311
    -4.635    -4.936    -5.209
    -5.452    -5.657    -5.820
    -5.934    -5.993    -5.990
    -5.919    -5.773    -5.545
    -5.234    -4.834    -4.348
    -3.777    -3.128    -2.411
    -1.640    -0.830    -0.000
